# Created by Octave 4.2.2, Wed Jan 26 11:34:05 2022 CET <ejbuis@PC-16650.tsn.tno.nl>
# name: tp
# type: matrix
# rows: 2048
# columns: 2
 -0.007111111111111111 0
 -0.007104166666666667 1.694065894508601e-15
 -0.007097222222222223 0
 -0.007090277777777778 0
 -0.007083333333333333 -8.470329472543003e-16
 -0.007076388888888889 0
 -0.007069444444444444 0
 -0.0070625 -1.270549420881451e-15
 -0.007055555555555555 0
 -0.007048611111111111 -4.235164736271502e-16
 -0.007041666666666667 4.235164736271502e-16
 -0.007034722222222223 4.235164736271502e-16
 -0.007027777777777778 1.270549420881451e-15
 -0.007020833333333333 1.270549420881451e-15
 -0.007013888888888889 2.117582368135751e-15
 -0.007006944444444444 8.470329472543003e-16
 -0.007 8.470329472543003e-16
 -0.006993055555555555 -4.235164736271502e-16
 -0.006986111111111111 -4.235164736271502e-16
 -0.006979166666666667 -1.270549420881451e-15
 -0.006972222222222223 -1.058791184067875e-15
 -0.006965277777777778 -4.235164736271502e-16
 -0.006958333333333334 -6.352747104407253e-16
 -0.006951388888888889 2.117582368135751e-16
 -0.006944444444444444 -2.117582368135751e-16
 -0.0069375 6.352747104407253e-16
 -0.006930555555555555 0
 -0.006923611111111111 -2.117582368135751e-16
 -0.006916666666666666 -4.235164736271502e-16
 -0.006909722222222222 -2.117582368135751e-16
 -0.006902777777777778 2.117582368135751e-16
 -0.006895833333333334 4.235164736271502e-16
 -0.006888888888888889 8.470329472543003e-16
 -0.006881944444444445 2.117582368135751e-16
 -0.006875 8.470329472543003e-16
 -0.006868055555555555 2.117582368135751e-16
 -0.006861111111111111 -8.470329472543003e-16
 -0.006854166666666666 -6.352747104407253e-16
 -0.006847222222222222 -1.058791184067875e-15
 -0.006840277777777778 -4.235164736271502e-16
 -0.006833333333333334 5.293955920339377e-16
 -0.006826388888888889 9.529120656610879e-16
 -0.006819444444444445 1.270549420881451e-15
 -0.0068125 1.799945012915388e-15
 -0.006805555555555555 1.270549420881451e-15
 -0.006798611111111111 1.694065894508601e-15
 -0.006791666666666666 1.799945012915388e-15
 -0.006784722222222222 6.352747104407253e-16
 -0.006777777777777778 -2.117582368135751e-16
 -0.006770833333333334 -4.235164736271502e-16
 -0.006763888888888889 -5.293955920339377e-16
 -0.006756944444444445 -7.411538288475128e-16
 -0.00675 -9.529120656610879e-16
 -0.006743055555555556 -8.470329472543003e-16
 -0.006736111111111111 -9.529120656610879e-16
 -0.006729166666666666 -5.293955920339377e-16
 -0.006722222222222222 2.117582368135751e-16
 -0.006715277777777777 -5.293955920339377e-17
 -0.006708333333333334 -1.058791184067875e-16
 -0.006701388888888889 -3.176373552203626e-16
 -0.006694444444444445 -1.588186776101813e-16
 -0.0066875 -9.529120656610879e-16
 -0.006680555555555556 0
 -0.006673611111111111 -1.058791184067875e-16
 -0.006666666666666667 -4.433688083284228e-16
 -0.006659722222222222 -1.588186776101813e-16
 -0.006652777777777777 -1.852884572118782e-16
 -0.006645833333333333 -6.749793798432706e-16
 -0.006638888888888889 -3.970466940254533e-16
 -0.006631944444444445 -1.455837878093329e-15
 -0.006625 -1.005851624864482e-15
 -0.006618055555555556 -7.411538288475128e-16
 -0.006611111111111111 -2.38228016415272e-16
 -0.006604166666666667 -7.940933880509066e-17
 -0.006597222222222222 7.411538288475128e-16
 -0.006590277777777777 7.411538288475128e-16
 -0.006583333333333333 3.176373552203626e-16
 -0.006576388888888889 0
 -0.006569444444444445 -6.352747104407253e-16
 -0.0065625 -8.470329472543003e-16
 -0.006555555555555556 -5.823351512373315e-16
 -0.006548611111111111 -4.235164736271502e-16
 -0.006541666666666667 0
 -0.006534722222222222 -3.176373552203626e-16
 -0.006527777777777778 1.058791184067875e-16
 -0.006520833333333333 -3.176373552203626e-16
 -0.006513888888888889 2.117582368135751e-16
 -0.006506944444444445 3.176373552203626e-16
 -0.0065 -1.058791184067875e-16
 -0.006493055555555556 8.470329472543003e-16
 -0.006486111111111111 0
 -0.006479166666666667 0
 -0.006472222222222222 -6.352747104407253e-16
 -0.006465277777777778 -1.058791184067875e-15
 -0.006458333333333333 -4.235164736271502e-16
 -0.006451388888888889 4.235164736271502e-16
 -0.006444444444444444 4.235164736271502e-16
 -0.0064375 0
 -0.006430555555555556 4.235164736271502e-16
 -0.006423611111111111 0
 -0.006416666666666667 -8.470329472543003e-16
 -0.006409722222222222 8.470329472543003e-16
 -0.006402777777777778 -8.470329472543003e-16
 -0.006395833333333333 0
 -0.006388888888888889 -8.470329472543003e-16
 -0.006381944444444444 0
 -0.006375 0
 -0.006368055555555556 0
 -0.006361111111111111 1.694065894508601e-15
 -0.006354166666666667 0
 -0.006347222222222222 3.388131789017201e-15
 -0.006340277777777778 -8.470329472543003e-16
 -0.006333333333333333 -8.470329472543003e-16
 -0.006326388888888889 -9.132073962585426e-16
 -0.006319444444444444 -1.270549420881451e-15
 -0.0063125 0
 -0.006305555555555556 -1.694065894508601e-15
 -0.006298611111111111 -8.470329472543003e-16
 -0.006291666666666667 0
 -0.006284722222222222 8.470329472543003e-16
 -0.006277777777777778 -1.694065894508601e-15
 -0.006270833333333333 0
 -0.006263888888888889 8.470329472543003e-16
 -0.006256944444444444 -8.470329472543003e-16
 -0.00625 -8.470329472543003e-16
 -0.006243055555555556 -8.470329472543003e-16
 -0.006236111111111112 4.235164736271502e-16
 -0.006229166666666667 8.470329472543003e-16
 -0.006222222222222222 3.540333021726958e-16
 -0.006215277777777778 4.069728613760896e-16
 -0.006208333333333333 2.911675756186657e-16
 -0.006201388888888889 -4.566036981292713e-16
 -0.006194444444444444 -2.895132143935597e-16
 -0.0061875 -6.518183226917858e-16
 -0.006180555555555555 -1.044729113654474e-15
 -0.006173611111111111 -8.342116477597284e-16
 -0.006166666666666667 -6.407547819988891e-16
 -0.006159722222222222 -5.08716076720112e-16
 -0.006152777777777778 -3.565148440103549e-16
 -0.006145833333333333 -9.512577044359818e-17
 -0.006138888888888889 3.920836103501351e-16
 -0.006131944444444444 -1.819797347616661e-17
 -0.006125 -4.632211430296955e-17
 -0.006118055555555555 -2.911675756186657e-16
 -0.006111111111111111 -7.940933880509066e-16
 -0.006104166666666667 -8.66885281955573e-16
 -0.006097222222222223 -7.593518023236794e-16
 -0.006090277777777778 -2.150669592637872e-16
 -0.006083333333333333 -1.538555939348631e-16
 -0.006076388888888889 1.720535674110298e-16
 -0.006069444444444444 4.301339185275744e-16
 -0.0060625 1.022395237115542e-15
 -0.006055555555555555 6.782881022934827e-16
 -0.006048611111111111 2.051407919131509e-16
 -0.006041666666666667 1.919059021123024e-16
 -0.006034722222222223 -1.124965633072118e-16
 -0.006027777777777778 -6.485096002415737e-16
 -0.006020833333333334 -4.764560328305439e-16
 -0.006013888888888889 -4.896909226313924e-16
 -0.006006944444444444 -5.955700410381799e-17
 -0.006 -1.852884572118782e-16
 -0.005993055555555555 3.970466940254533e-16
 -0.005986111111111111 5.624828165360588e-16
 -0.005979166666666666 5.624828165360588e-16
 -0.005972222222222223 2.9778502051909e-16
 -0.005965277777777778 8.735027268559972e-16
 -0.005958333333333334 1.19114008207636e-16
 -0.005951388888888889 -1.919059021123024e-16
 -0.005944444444444444 2.580803511165446e-16
 -0.0059375 -1.052173739167451e-15
 -0.005930555555555555 -1.270549420881451e-15
 -0.005923611111111111 -1.138200522872966e-15
 -0.005916666666666666 -3.441071348220595e-16
 -0.005909722222222222 -7.014491594449675e-16
 -0.005902777777777778 -6.617444900424221e-16
 -0.005895833333333334 -1.032321404466179e-15
 -0.005888888888888889 -6.617444900424221e-16
 -0.005881944444444445 -2.514629062161204e-16
 -0.005875 4.764560328305439e-16
 -0.005868055555555555 3.176373552203626e-16
 -0.005861111111111111 8.999725064576941e-16
 -0.005854166666666666 1.588186776101813e-15
 -0.005847222222222222 1.217609861678057e-15
 -0.005840277777777778 1.879354351720479e-15
 -0.005833333333333334 1.376428539288238e-15
 -0.005826388888888889 9.26442286059391e-16
 -0.005819444444444445 3.970466940254533e-16
 -0.0058125 2.117582368135751e-16
